[ 0.14129616  0.85849089  0.98288775 -0.87956416 -0.91668626],[ 0.17131362 -0.52666249 -0.43759953  0.29113102  0.0621082 ],[-0.62133865 -0.01872025 -0.24146609  0.98349004 -0.52968211],[-0.18820667  0.52062148 -0.06921625  0.87165312 -0.65395563],[ 0.99695366  0.57721757  0.39801824 -0.25329674 -0.31842591],[-0.85062006  0.17879538  0.0881208  -0.21636793 -0.93543441],[-0.70725275  0.80856122 -0.79133659  0.18599748 -0.1292891 ],[ 0.49195008  0.14315736  0.76733175  0.52933767  0.40902438],[-0.37765826  0.54711613 -0.95536272 -0.37544299  0.56600688]
"[-0.0751953   0.54665937  0.61628975  0.80215806 -0.32222529  0.91754821
 -0.74670963 -0.01104452 -0.64455247 -0.72618901]","[ 0.29367726 -0.32696876  0.43619548 -0.52296486 -0.06133584 -0.86092954
  0.34382961  0.87331174  0.20385243  0.64359402]","[ 0.25568053  0.40947967  0.94673379 -0.88300022 -0.02422241  0.44618314
 -0.28277474  0.28601053  0.06791825  0.63155859]","[-0.84227886  0.06270435 -0.76435933 -0.19966067  0.64522478 -0.4222245
 -0.13843225 -0.91722406  0.47982607 -0.3574795 ]","[-0.27142742 -0.34350875  0.93472311 -0.43087849 -0.69614311 -0.15632798
 -0.85063202 -0.52764885  0.20695976 -0.85324859]","[-0.2535887   0.03042259  0.7904702   0.15567877  0.54736489  0.69883082
 -0.62185828  0.37993979  0.97710145 -0.35614995]","[-0.08109706 -0.942783   -0.93630858 -0.73793444 -0.2860531  -0.82988451
  0.87563141  0.97332629 -0.33174444  0.05549343]","[ 0.62992953 -0.02106464  0.50585196  0.08069267 -0.43219487  0.30422566
  0.83183926 -0.92366577 -0.41943429 -0.07992178]"
"[-0.00304973  0.37800536 -0.70574021 -0.29458979 -0.2024551  -0.82684647
 -0.21793746 -0.44922461]","[-0.34891574  0.75899262 -0.93127142  0.58467024  0.85887961  0.94255562
 -0.11775417 -0.11224996]","[-0.29779397  0.83902895  0.49275414  0.54526991  0.31139305  0.25806953
  0.98905574 -0.07034227]"
